;Marker Coordinate File
   X(um)    Y(um)     Z(um)  Marker Diameter
1 12108.17 -8056.31  -118.80     1.65
1 12845.47 -8010.11  -118.80     1.65
1 12852.07 -7965.56  -118.80     1.65
1 12804.22 -8008.46  -118.80     1.65
1 12037.22 -8785.36  -118.80     1.65
1 10509.82 -9557.31  -118.80     1.65
1 11313.12 -9593.61  -118.80     1.65
1 11301.57 -9570.51  -122.10     1.65
1  4837.22 -11135.86  -122.10     1.65
1  4835.57 -11183.71  -122.10     1.65
1  4837.22 -11190.31  -122.10     1.65
1  9396.06 -1113.10  -118.80     1.65
1  8568.01 -1997.25  -122.10     1.65
1  8536.66 -1914.75  -115.50     1.65
1  8597.71 -2698.25  -115.50     1.65
1  7751.51 -4359.30  -115.50     1.65
1  7720.16 -4359.30  -115.50     1.65
1  7763.06 -4339.50  -122.10     1.65
1 12897.39 -7456.80  -165.00     1.65
1 12154.77 -8191.99  -161.70     1.65
1 12860.72 -8248.09  -165.00     1.65
1 12901.97 -8302.54  -171.60     1.65
1 12878.87 -8220.04  -161.70     1.65
1 12908.57 -8226.64  -168.30     1.65
1 12065.67 -9039.84  -171.60     1.65
1 12179.52 -8985.39  -161.70     1.65
1 12110.22 -8983.74  -161.70     1.65
1  9685.47 -9895.94  -168.30     1.65
1 10576.22 -9900.89  -165.00     1.65
1 10571.27 -10681.09  -161.70     1.65
1 10455.77 -10590.34  -171.60     1.65
1 10566.32 -10580.44  -158.40     1.65
1  9753.12 -10689.34  -168.30     1.65
1  8911.88 -10659.64  -161.70     1.65
1  8062.37 -10664.59  -171.60     1.65
1  7255.77 -10585.39  -171.60     1.65
1  7313.52 -10694.29  -171.60     1.65
1  6483.82 -10679.44  -165.00     1.65
1  6503.62 -10651.39  -158.40     1.65
1  6455.77 -10677.79  -158.40     1.65
1  6457.42 -10616.74  -158.40     1.65
1  5781.17 -10666.24  -158.40     1.65
1  1728.37 -11484.39  -171.60     1.65
1  1744.87 -11515.74  -161.70     1.65
1  2477.22 -11380.44  -168.30     1.65
1  2485.47 -11456.34  -161.70     1.65
1  2492.07 -11519.04  -158.40     1.65
1  3379.52 -11388.69  -158.40     1.65
1  4059.07 -11484.39  -171.60     1.65
1  4936.62 -11400.24  -161.70     1.65
1  4926.72 -11512.44  -168.30     1.65
1  4963.02 -11515.74  -168.30     1.65
1  7298.67 -11436.54  -168.30     1.65
1  7283.82 -11486.04  -171.60     1.65
1  7297.02 -11385.39  -161.70     1.65
1  7343.22 -11436.54  -171.60     1.65
1  8169.62 -11436.54  -165.00     1.65
1  8143.22 -11428.29  -158.40     1.65
1  8156.42 -11494.29  -171.60     1.65
1  8078.87 -11489.34  -158.40     1.65
1  8116.82 -11413.44  -171.60     1.65
1  8864.02 -11477.79  -158.40     1.65
1  8916.82 -11416.74  -165.00     1.65
1  8895.38 -11489.34  -161.70     1.65
1  8911.88 -11504.19  -168.30     1.65
1  4888.77 -12211.79  -168.30     1.65
1  4857.42 -12221.69  -168.30     1.65
1  4981.17 -12244.79  -165.00     1.65
1  4098.67 -12241.49  -171.60     1.65
1  3293.72 -12239.84  -161.70     1.65
1  2447.52 -12216.74  -165.00     1.65
1  2549.82 -12226.64  -168.30     1.65
1  5771.16  -939.73  -171.60     1.65
1  5771.16  -903.43  -161.70     1.65
1  5878.41  -910.03  -161.70     1.65
1  9045.41 -1714.98  -165.00     1.65
1  5855.31 -1655.58  -168.30     1.65
1  5789.31 -1761.18  -158.40     1.65
1  3328.37 -12259.64  -165.00     1.49
1  3341.57 -12234.89  -165.00     1.49
1  3306.92 -12284.39  -165.00     1.49
1  3300.32 -12307.49  -165.00     1.49
1  3372.92 -12182.09  -165.00     1.49
1  5812.41 -1663.83  -171.60     1.49
1  5805.81 -1686.93  -171.60     1.49
1  5871.81 -2534.78  -161.70     1.49
1  5795.91 -2495.18  -165.00     1.49
1  5787.66 -2567.78  -161.70     1.49
1  8250.36 -2536.43  -171.60     1.49
1  8230.56 -2526.53  -171.60     1.49
1  8228.91 -2505.08  -171.60     1.49
1  8258.61 -2569.43  -171.60     1.49
1  8181.06 -2495.18  -168.30     1.49
1  8995.91 -2513.33  -171.60     1.49
1  9027.25 -2559.53  -158.40     1.49
1  8210.76 -3371.08  -158.40     1.49
1  8273.46 -3364.48  -161.70     1.49
1  8205.81 -3288.58  -158.40     1.49
1  5807.46 -3260.53  -158.40     1.49
1  5837.16 -3273.73  -161.70     1.49
1  5833.86 -3296.83  -171.60     1.49
1  5002.51 -3352.93  -161.70     1.49
1  5089.96 -3321.58  -165.00     1.49
1  5814.06 -4121.58  -165.00     1.49
1  5843.76 -4133.13  -161.70     1.49
1  5868.51 -4100.13  -161.70     1.49
1  8299.86 -4048.98  -168.30     1.49
1  7404.16 -4923.23  -168.30     1.49
1  6567.86 -4982.63  -158.40     1.49
1  6569.51 -4939.73  -165.00     1.49
1  5787.66 -4957.88  -158.40     1.49
1  5777.76 -4974.38  -161.70     1.49
1  5835.51 -4938.08  -171.60     1.49
1  5832.21 -4913.33  -171.60     1.49
1 12543.07 -8150.39  -217.80     1.49
1 10240.06 -9632.78  -207.90     1.49
1 11046.66 -9735.08  -214.50     1.49
1 10947.66 -9744.98  -207.90     1.49
1 11864.81 -9697.13  -217.80     1.49
1 11831.81 -9647.63  -211.20     1.49
1 10238.41 -10525.18  -221.10     1.49
1  8597.16 -10470.73  -217.80     1.49
1  7752.61 -10523.53  -221.10     1.49
1  7033.46 -10538.38  -207.90     1.49
1  6995.51 -10508.68  -214.50     1.49
1  2241.71 -11320.23  -217.80     1.49
1  2226.86 -11358.18  -217.80     1.49
1  2248.31 -11249.28  -207.90     1.49
1  2944.36 -11247.63  -211.20     1.49
1  3810.36 -11310.33  -207.90     1.49
1  3825.21 -11250.93  -214.50     1.49
1  3747.66 -11298.78  -207.90     1.49
1  4562.51 -11340.03  -221.10     1.49
1  4574.06 -11260.83  -221.10     1.49
1  5468.11 -11277.33  -211.20     1.49
1  5443.36 -11311.98  -211.20     1.49
1  5416.96 -11340.03  -211.20     1.49
1  5413.66 -11313.63  -214.50     1.49
1  5441.71 -11257.53  -214.50     1.49
1  5372.41 -11277.33  -221.10     1.49
1  6221.91 -11262.48  -214.50     1.49
1  6136.11 -11260.83  -217.80     1.49
1  7023.56 -11310.33  -217.80     1.49
1  7030.16 -11280.63  -221.10     1.49
1  7048.31 -11358.18  -221.10     1.49
1  7058.21 -11290.53  -221.10     1.49
1  7750.96 -11227.83  -211.20     1.49
1  8661.51 -11270.73  -211.20     1.49
1  8592.21 -11364.78  -217.80     1.49
1  9413.66 -11237.73  -214.50     1.49
1  9357.56 -11292.18  -207.90     1.49
1  5425.21 -12039.38  -217.80     1.49
1  4651.61 -12095.48  -221.10     1.49
1  4607.06 -12111.98  -221.10     1.49
1  3803.76 -12138.38  -211.20     1.49
1  2967.46 -12107.03  -207.90     1.49
1  3031.81 -12069.08  -217.80     1.49
1  3013.66 -12100.43  -214.50     1.49
1  2195.51 -12082.28  -221.10     1.49
1  2131.16 -12069.08  -211.20     1.49
1  8465.48 -1203.21  -214.50     1.65
1  6088.58 -1117.41  -211.20     1.65
1  5306.73 -2014.76  -217.80     1.65
1  5255.58 -2034.56  -221.10     1.65
1  8552.93 -2032.91  -221.10     1.65
1  6058.88 -2775.16  -214.50     1.65
1  5268.78 -2760.31  -217.80     1.65
1  5351.28 -3573.51  -211.20     1.65
1  5326.53 -3623.01  -214.50     1.65
1  5255.58 -3578.46  -211.20     1.65
1  5283.63 -3644.46  -221.10     1.65
1  5260.53 -3614.76  -221.10     1.65
1  8510.03 -3599.91  -214.50     1.65
1  7685.28 -4406.51  -214.50     1.65
1  7744.68 -4361.96  -214.50     1.65
1  6143.03 -4419.71  -211.20     1.65
1  6169.43 -4337.21  -214.50     1.65
1  6093.53 -4337.21  -217.80     1.65
1  6152.93 -5140.51  -221.10     1.65
1  6938.08 -5198.26  -221.10     1.65
1  6933.13 -5236.21  -217.80     1.65
1  6910.03 -5150.41  -217.80     1.65
1  6853.93 -5158.66  -217.80     1.65
1 12988.29 -8306.82  -267.30     1.65
1 11393.24 -9891.97  -267.30     1.65
1 11403.14 -9877.12  -264.00     1.65
1 11399.84 -9964.57  -264.00     1.65
1  7447.69 -10743.12  -270.60     1.65
1  6675.74 -10705.17  -267.30     1.65
1  5766.84 -10776.12  -260.70     1.65
1  1788.29 -11538.17  -260.70     1.65
1  1783.34 -11508.47  -267.30     1.65
1  1824.59 -11496.92  -267.30     1.65
1  2654.29 -11556.32  -267.30     1.65
1  2551.99 -11493.62  -260.70     1.65
1  3446.04 -11520.02  -260.70     1.65
1  3442.74 -11534.87  -260.70     1.65
1  4184.99 -11539.82  -260.70     1.65
1  4231.19 -11582.72  -270.60     1.65
1  4150.34 -11475.47  -267.30     1.65
1  5021.29 -11505.17  -267.30     1.65
1  4975.09 -11518.37  -267.30     1.65
1  7414.69 -11511.77  -267.30     1.65
1  7393.24 -11579.42  -270.60     1.65
1  8224.59 -11579.42  -267.30     1.65
1  8165.19 -11562.92  -264.00     1.65
1  4961.89 -12359.62  -267.30     1.65
1  4145.39 -12400.87  -260.70     1.65
1  3365.19 -12290.32  -267.30     1.65
1  3417.99 -12323.32  -270.60     1.65
1  3446.04 -12316.72  -264.00     1.65
1  2586.64 -12348.07  -270.60     1.65
1  2594.89 -12407.47  -264.00     1.65
1  9022.82 -1327.69  -264.00     1.65
1  8287.17 -1344.19  -267.30     1.65
1  6619.52 -1359.04  -267.30     1.65
1  5819.52 -1373.89  -264.00     1.65
1  5897.07 -1317.79  -270.60     1.65
1  5811.27 -2934.29  -264.00     1.65
1  5875.62 -2926.04  -267.30     1.65
1  5796.42 -2957.39  -264.00     1.65
1  5077.27 -3727.69  -270.60     1.65
1  5831.07 -3679.84  -264.00     1.65
1  5844.27 -3734.29  -264.00     1.65
1  5829.42 -3701.29  -267.30     1.65
1  5860.77 -3788.74  -270.60     1.65
1  5928.42 -3775.54  -260.70     1.65
1  8292.12 -3803.59  -264.00     1.65
1  8204.67 -4562.34  -270.60     1.65
1  5869.02 -4545.84  -264.00     1.65
1  5870.67 -4489.74  -270.60     1.65
1  5869.02 -4590.39  -264.00     1.65
1 12304.01 -7762.19  -316.80     1.65
1 11442.96 -9274.74  -316.80     1.65
1 10667.71 -10061.54  -320.10     1.65
1 10626.46 -10915.99  -310.20     1.65
1  7419.87 -10970.44  -316.80     1.65
1  6614.92 -10914.34  -310.20     1.65
1  6680.92 -10887.94  -313.50     1.65
1  5847.92 -10924.24  -310.20     1.65
1  4310.62 -10991.89  -316.80     1.65
1  1808.32 -10892.89  -310.20     1.65
1  1885.87 -10914.34  -313.50     1.65
1  1801.72 -11720.94  -313.50     1.65
1  1808.32 -11791.89  -310.20     1.65
1  4209.97 -11722.59  -316.80     1.65
1  4322.17 -11666.49  -310.20     1.65
1  4223.17 -11709.39  -310.20     1.65
1  5054.52 -11744.04  -316.80     1.65
1  8196.77 -11722.59  -310.20     1.65
1  9019.87 -11682.99  -316.80     1.65
1  9104.02 -11699.49  -320.10     1.65
1  5132.07 -12534.14  -310.20     1.65
1  4221.52 -12515.99  -320.10     1.65
1  4205.02 -12502.79  -316.80     1.65
1  3495.77 -12520.94  -310.20     1.65
1  3480.92 -12486.29  -313.50     1.65
1  3429.77 -12560.54  -316.80     1.65
1  2710.62 -12535.79  -316.80     1.65
1  2694.12 -12484.64  -310.20     1.65
1  9187.46 -1066.97  -316.80     1.65
1  8512.86 -1101.62  -310.20     1.65
1  6050.16 -1946.17  -316.80     1.65
1  6046.86 -1997.32  -310.20     1.65
1  6058.41 -2780.82  -313.50     1.65
1  6002.31 -2713.17  -316.80     1.65
1  5170.96 -3496.67  -310.20     1.65
1  5218.81 -3580.82  -316.80     1.65
1  8479.86 -4280.17  -320.10     1.65
1  5980.86 -4324.72  -316.80     1.65
1  6094.71 -4347.82  -313.50     1.65
1  6078.21 -4369.27  -316.80     1.65
1  5217.16 -4351.12  -316.80     1.65
1  5302.96 -4324.72  -313.50     1.65
1  7678.21 -5060.38  -320.10     1.65
1 12762.00 -8244.04  -359.70     1.65
1 11851.45 -9058.89  -363.00     1.65
1 11856.40 -8958.24  -369.60     1.65
1 11940.55 -9060.54  -359.70     1.65
1 11899.30 -8994.54  -363.00     1.65
1 10340.55 -9862.19  -359.70     1.65
1 11096.00 -9845.69  -369.60     1.65
1 11099.30 -9791.24  -369.60     1.65
1 11863.00 -9771.44  -369.60     1.65
1 11938.90 -9817.64  -369.60     1.65
1 11063.00 -10581.34  -359.70     1.65
1 10296.00 -10681.99  -363.00     1.65
1  6363.65 -10667.14  -359.70     1.65
1  2381.80 -11470.44  -366.30     1.65
1  2342.20 -11448.99  -369.60     1.65
1  3100.95 -11417.64  -366.30     1.65
1  3886.10 -11386.29  -369.60     1.65
1  3886.10 -11373.09  -369.60     1.65
1  3935.60 -11351.64  -369.60     1.65
1  6249.80 -11409.39  -363.00     1.65
1  6246.50 -11364.84  -369.60     1.65
1  6355.40 -11452.29  -363.00     1.65
1  7074.55 -11374.74  -369.60     1.65
1  7054.75 -11442.39  -369.60     1.65
1  7124.05 -11439.09  -359.70     1.65
1  7884.45 -11437.44  -363.00     1.65
1  9507.55 -11444.04  -359.70     1.65
1  9446.50 -11363.19  -366.30     1.65
1  9560.35 -11447.34  -369.60     1.65
1  9453.10 -11483.64  -369.60     1.65
1  5533.95 -12174.74  -369.60     1.65
1  5585.10 -12189.59  -366.30     1.65
1  5545.50 -12219.29  -366.30     1.65
1  3884.45 -12281.99  -359.70     1.65
1  3168.60 -12158.24  -363.00     1.65
1  2276.20 -12201.14  -363.00     1.65
1  2330.65 -12283.64  -366.30     1.65
1  2299.30 -12161.54  -369.60     1.65
1  8862.94 -1543.53  -363.00     1.65
1  8739.19 -1576.53  -363.00     1.65
1  8841.49 -1459.38  -359.70     1.65
1  8038.19 -1540.23  -366.30     1.65
1  6395.29 -1480.83  -369.60     1.65
1  6337.54 -1485.78  -359.70     1.65
1  5563.94 -1548.48  -366.30     1.65
1  5631.59 -1556.73  -363.00     1.65
1  5554.04 -2331.98  -363.00     1.65
1  5585.39 -2318.78  -366.30     1.65
1  5626.64 -2280.83  -359.70     1.65
1  5631.59 -2384.78  -369.60     1.65
1  8034.89 -2257.73  -366.30     1.65
1  7987.04 -2254.43  -366.30     1.65
1  7965.59 -2310.53  -366.30     1.65
1  8796.94 -2295.68  -363.00     1.65
1  8763.94 -2274.23  -366.30     1.65
1  8023.34 -3102.28  -366.30     1.65
1  7988.69 -3056.08  -366.30     1.65
1  8003.54 -3166.63  -359.70     1.65
1  5577.14 -3077.53  -363.00     1.65
1  5555.69 -3176.53  -359.70     1.65
1  5583.74 -3189.73  -363.00     1.65
1  5591.99 -3054.43  -366.30     1.65
1  5590.34 -3905.58  -366.30     1.65
1  8031.59 -3903.93  -369.60     1.65
1  8038.19 -3974.88  -366.30     1.65
1  8051.39 -4667.63  -366.30     1.65
1  7155.69 -4680.83  -366.30     1.65
1  7249.74 -4735.28  -369.60     1.65
1  6467.89 -4740.23  -363.00     1.65
1  5578.79 -4723.73  -363.00     1.65
1  5620.04 -4773.23  -363.00     1.65
1  5634.89 -4685.78  -366.30     1.65
1 12956.13 -7983.82  -419.10     1.65
1 11361.08 -8841.57  -415.80     1.65
1 10620.48 -9631.67  -409.20     1.65
1 10625.43 -11131.02  -412.50     1.65
1  9855.13 -11131.02  -412.50     1.65
1  9802.33 -11211.87  -419.10     1.65
1  9800.68 -11201.97  -419.10     1.65
1  7473.28 -11162.37  -412.50     1.65
1  6650.18 -11246.52  -412.50     1.65
1  6547.88 -11154.12  -409.20     1.65
1  1830.38 -11177.22  -415.80     1.65
1  1770.98 -11185.47  -415.80     1.65
1  2632.03 -12046.52  -412.50     1.65
1  5027.08 -11980.52  -412.50     1.65
1  5853.48 -11929.37  -419.10     1.65
1  5742.93 -11914.52  -412.50     1.65
1  8970.98 -11962.37  -412.50     1.65
1  4169.33 -12726.07  -415.80     1.65
1  4243.58 -12711.22  -419.10     1.65
1  3389.13 -12838.27  -412.50     1.65
1  3461.73 -12747.52  -412.50     1.65
1  8894.27 -1361.18  -409.20     1.65
1  8086.03 -1394.18  -415.80     1.65
1  8115.73 -1346.33  -419.10     1.65
1  8092.63 -1367.78  -419.10     1.65
1  8110.78 -2167.78  -415.80     1.65
1  8100.88 -2200.78  -419.10     1.65
1  8884.38 -2200.78  -409.20     1.65
1  8818.38 -3023.88  -415.80     1.65
1  8059.63 -2938.08  -412.50     1.65
1  5671.18 -2957.88  -412.50     1.65
1  5611.78 -3025.53  -409.20     1.65
1  5689.33 -2974.38  -419.10     1.65
1  5661.28 -3766.13  -412.50     1.65
1  5681.08 -3752.93  -409.20     1.65
1  5714.08 -3809.03  -409.20     1.65
1  5727.28 -3856.88  -415.80     1.65
1  5694.28 -3736.43  -412.50     1.65
1  5634.88 -3741.38  -412.50     1.65
1  5636.53 -3825.53  -415.80     1.65
1  7271.18 -4543.03  -409.20     1.65
1  7238.18 -4655.23  -409.20     1.65
1  6438.18 -4613.98  -415.80     1.65
1  6504.18 -4569.43  -415.80     1.65
1  5644.78 -4584.28  -412.50     1.65
1  5618.38 -4605.73  -409.20     1.65
1  5621.68 -4547.98  -412.50     1.65
1  5610.13 -4561.18  -412.50     1.65
1  5621.68 -4653.58  -419.10     1.65
1 12230.08 -8270.31  -462.00     1.65
1 11466.02 -9916.04  -468.60     1.65
1 10715.52 -10719.35  -465.30     1.65
1  1824.76 -11545.75  -465.30     1.65
1  1818.16 -11464.90  -468.60     1.65
1  5082.51 -11504.50  -458.70     1.65
1  5808.26 -11478.10  -465.30     1.65
1  7477.56 -11532.54  -462.00     1.65
1  9103.96 -11572.15  -462.00     1.65
1  9877.57 -11529.25  -462.00     1.65
1  9915.52 -11512.75  -462.00     1.65
1  9857.77 -11568.85  -468.60     1.65
1  9844.57 -11488.00  -468.60     1.65
1  9808.27 -11455.00  -468.60     1.65
1  4209.91 -12258.29  -462.00     1.65
1  4251.16 -12292.95  -468.60     1.65
1  1874.26 -12274.79  -458.70     1.65
1  8959.65 -1214.12  -458.70     1.65
1  8181.10 -1219.07  -465.30     1.65
1  5771.20 -1191.02  -462.00     1.65
1  5746.45 -1987.72  -468.60     1.65
1  8204.21 -2019.07  -462.00     1.65
1  8167.90 -2012.47  -458.70     1.65
1  8202.55 -2771.22  -458.70     1.65
1  5800.90 -2764.62  -462.00     1.65
1  5040.50 -2858.67  -462.00     1.65
1  4977.80 -2873.52  -462.00     1.65
1  4962.95 -3658.67  -462.00     1.65
1  5019.05 -3696.62  -468.60     1.65
1  5014.10 -3592.67  -465.30     1.65
1  5035.55 -3592.67  -465.30     1.65
1  5792.65 -3699.92  -465.30     1.65
1  8169.55 -3591.02  -458.70     1.65
1  7427.30 -4420.72  -468.60     1.65
1  6642.15 -5263.62  -462.00     1.65
1  6549.75 -5258.67  -458.70     1.65
1 12179.27 -8486.34  -518.10     1.65
1 11305.02 -10084.69  -508.20     1.65
1  8898.42 -10916.04  -514.80     1.65
1  7344.62 -10846.74  -511.50     1.65
1  6556.17 -10912.74  -518.10     1.65
1  6541.32 -10892.94  -518.10     1.65
1  2571.02 -11651.69  -511.50     1.65
1  3334.72 -11648.39  -514.80     1.65
1  4923.17 -11702.84  -518.10     1.65
1  5751.22 -11633.54  -514.80     1.65
1  5751.22 -11732.54  -514.80     1.65
1  7379.27 -11669.84  -508.20     1.65
1  7394.12 -11704.49  -514.80     1.65
1  7372.67 -11610.44  -514.80     1.65
1  8194.12 -11656.64  -511.50     1.65
1  8131.42 -11732.54  -518.10     1.65
1  8951.22 -11712.74  -511.50     1.65
1  8969.37 -11706.14  -518.10     1.65
1  4941.32 -12431.89  -508.20     1.65
1  4942.97 -12507.79  -511.50     1.65
1  4995.77 -12436.84  -514.80     1.65
1  4909.97 -12471.49  -514.80     1.65
1  4999.07 -12534.19  -514.80     1.65
1  4151.22 -12497.89  -514.80     1.65
1  2569.37 -12445.09  -514.80     1.65
1  2495.12 -12486.34  -514.80     1.65
1  2557.82 -12514.39  -514.80     1.65
1  2618.87 -12516.04  -511.50     1.65
1  1812.27 -12405.49  -514.80     1.65
1  8895.27 -1484.26  -518.10     1.65
1  8062.27 -1495.81  -514.80     1.65
1  7996.27 -1436.41  -514.80     1.65
1  8030.92 -1451.26  -514.80     1.65
1  7978.12 -1525.51  -511.50     1.65
1  5604.52 -1509.01  -514.80     1.65
1  5592.97 -1566.76  -518.10     1.65
1  5652.37 -2310.66  -514.80     1.65
1  5611.12 -2272.71  -508.20     1.65
1  5685.37 -2261.16  -518.10     1.65
1  5645.77 -2264.46  -511.50     1.65
1  8057.32 -2363.46  -514.80     1.65
1  8796.27 -2247.96  -514.80     1.65
1  8027.62 -3137.06  -511.50     1.65
1  7999.57 -3036.41  -514.80     1.65
1  5574.82 -3064.46  -514.80     1.65
1  5675.47 -3153.56  -511.50     1.65
1  5591.32 -3135.41  -518.10     1.65
1  5578.12 -3917.26  -514.80     1.65
1  5588.02 -3937.06  -518.10     1.65
1  5677.12 -3951.91  -518.10     1.65
1  5670.52 -3894.16  -518.10     1.65
1  8054.02 -3907.36  -511.50     1.65
1  8022.67 -3915.61  -511.50     1.65
1  8042.47 -4697.46  -511.50     1.65
1  7994.62 -4720.56  -514.80     1.65
1  7270.52 -4657.86  -514.80     1.65
1  6485.37 -4644.66  -514.80     1.65
1  6386.37 -4629.81  -518.10     1.65
1  5685.37 -4704.06  -514.80     1.65
1  9431.38 -10606.51  -561.00     1.65
1  8606.63 -11383.42  -561.00     1.65
1  7687.83 -11409.81  -561.00     1.65
1  7806.63 -11383.42  -557.70     1.65
1  6122.48 -11447.76  -567.60     1.65
1  6135.68 -11388.37  -567.60     1.65
1  5352.18 -11459.31  -557.70     1.65
1  2175.28 -12219.71  -564.30     1.65
1  2152.18 -12292.31  -561.00     1.65
1  2958.78 -12267.56  -564.30     1.65
1  3786.83 -12280.76  -561.00     1.65
1  4517.53 -12305.51  -561.00     1.65
1  5320.83 -12242.81  -557.70     1.65
1  5325.78 -12280.76  -564.30     1.65
1  8785.10 -1593.37  -561.00     1.65
1  7920.75 -1692.37  -564.30     1.65
1  7976.85 -1649.47  -557.70     1.65
1  7962.00 -1616.47  -557.70     1.65
1  7930.65 -3305.57  -564.30     1.65
3 12676.11 -5844.85  -122.10     1.65
3 11854.66 -7421.75  -112.20     1.65
3 11882.71 -7515.80  -108.90     1.65
3 11777.11 -7515.80  -115.50     1.65
3 11095.91 -7464.65  -115.50     1.65
3  2188.66 -8345.50  -122.10     1.65
3 10274.46 -8343.85  -118.80     1.65
3 10248.06 -8299.30  -122.10     1.65
3 10203.51 -8315.80  -122.10     1.65
3 11015.06 -8258.05  -115.50     1.65
3 10988.66 -8251.45  -118.80     1.65
3 11066.21 -8307.55  -118.80     1.65
3 10215.06 -9130.65  -122.10     1.65
3  4392.26  -881.68  -118.80     1.65
3 10017.01 -1638.78  -115.50     1.65
3  9988.96 -1671.78  -115.50     1.65
3  9969.16 -1658.58  -115.50     1.65
3  9979.06 -1721.28  -115.50     1.65
3  9167.51 -2447.03  -115.50     1.65
3  9134.51 -2517.98  -112.20     1.65
3  9174.11 -2481.68  -112.20     1.65
3 10010.41 -2456.93  -118.80     1.65
3 10035.16 -2455.28  -108.90     1.65
3  9970.81 -2544.38  -118.80     1.65
3  9245.06 -3280.03  -118.80     1.65
3  9142.76 -3321.28  -122.10     1.65
3  9212.06 -4035.48  -122.10     1.65
3  9195.56 -4020.63  -122.10     1.65
3  6757.61 -5627.23  -122.10     1.65
3  5189.24 -1090.11  -168.30     1.49
3  5271.74 -1098.36  -161.70     1.49
3  5273.39 -1106.61  -161.70     1.49
3  5164.49 -1103.31  -161.70     1.49
3  4404.09 -1004.31  -165.00     1.49
3  4450.29 -1057.11  -158.40     1.49
3  4361.19 -1093.41  -171.60     1.49
3  4394.19 -1857.11  -168.30     1.49
3  4371.09 -1909.91  -161.70     1.49
3  4465.14 -1843.91  -161.70     1.49
3  4456.89 -1860.41  -165.00     1.49
3  4422.24 -1781.21  -165.00     1.49
3  4420.59 -1799.36  -168.30     1.49
3  5143.04 -1852.16  -165.00     1.49
3  5141.39 -1787.81  -168.30     1.49
3  9987.59 -1908.26  -171.60     1.49
3  9966.14 -1888.46  -171.60     1.49
3 10066.79 -1838.96  -161.70     1.49
3  4412.34 -2615.86  -168.30     1.49
3  3638.74 -2668.66  -165.00     1.49
3  4382.64 -3528.06  -165.00     1.49
3  4339.74 -3500.01  -161.70     1.49
3  4392.54 -3458.76  -161.70     1.49
3  9238.74 -3445.56  -168.30     1.49
3  9228.84 -4230.71  -168.30     1.49
3  9256.89 -4217.51  -171.60     1.49
3  9182.64 -4260.41  -165.00     1.49
3  9139.74 -4232.36  -168.30     1.49
3  4425.54 -4250.51  -161.70     1.49
3  4466.79 -4291.76  -158.40     1.49
3  4402.44 -4225.76  -171.60     1.49
3  4346.34 -4268.66  -165.00     1.49
3  5184.29 -5025.76  -171.60     1.49
3  7531.49 -5876.91  -171.60     1.49
3  7628.84 -5896.71  -165.00     1.49
3  7544.69 -5791.11  -165.00     1.49
3  6749.64 -5888.46  -168.30     1.49
3  6804.09 -5797.71  -171.60     1.49
3  5961.19 -5878.56  -168.30     1.49
3  5946.34 -5786.16  -158.40     1.49
3  6012.34 -5896.71  -171.60     1.49
3  6002.44 -5837.31  -171.60     1.49
3  5934.79 -5802.66  -168.30     1.49
3 12432.86 -5274.84  -165.00     1.49
3 12406.46 -5258.34  -165.00     1.49
3 12376.76 -5215.44  -165.00     1.49
3 12434.51 -6894.64  -168.30     1.49
3 12371.81 -6894.64  -161.70     1.49
3 12444.41 -6818.74  -161.70     1.49
3 11669.16 -6878.14  -165.00     1.49
3 11634.51 -7668.24  -171.60     1.49
3 11571.81 -8397.29  -171.60     1.49
3 10785.01 -8418.74  -168.30     1.49
3 10036.16 -8504.54  -158.40     1.49
3 10036.16 -8441.84  -171.60     1.49
3 10039.46 -8473.19  -171.60     1.49
3  9958.61 -8489.69  -168.30     1.49
3 10016.36 -8405.54  -161.70     1.49
3  1952.01 -8492.99  -165.00     1.49
3  1968.51 -9266.59  -168.30     1.49
3  2072.46 -9259.99  -165.00     1.49
3  2013.06 -9225.34  -165.00     1.49
3  2748.71 -9241.84  -161.70     1.49
3  2752.01 -9207.19  -161.70     1.49
3  2808.11 -9261.64  -158.40     1.49
3  2819.66 -9210.49  -158.40     1.49
3  3598.21 -9200.59  -158.40     1.49
3  3657.61 -9279.79  -171.60     1.49
3  4464.21 -9264.94  -161.70     1.49
3  8399.86 -9273.19  -171.60     1.49
3  9227.91 -9203.89  -158.40     1.49
3  9165.21 -9294.64  -168.30     1.49
3  9986.66 -9241.84  -165.00     1.49
3  8429.56 -10102.89  -168.30     1.49
3  6834.51 -9989.04  -171.60     1.49
3  6778.41 -10020.39  -165.00     1.49
3  5160.26 -10043.49  -171.60     1.49
3  4446.06 -10046.79  -158.40     1.49
3  2783.36 -10012.14  -161.70     1.49
3  2778.41 -10073.19  -171.60     1.49
3  2865.86 -10053.39  -168.30     1.49
3  2770.16 -9970.89  -168.30     1.49
3  1996.56 -10035.24  -171.60     1.49
3  2044.41 -10058.34  -168.30     1.49
3  2046.06 -10007.19  -165.00     1.49
3  2054.31 -10036.89  -168.30     1.49
3 11734.68 -6845.77  -217.80     1.65
3 12473.63 -7573.17  -217.80     1.65
3 10913.23 -8417.72  -214.50     1.65
3 10964.38 -8478.77  -211.20     1.65
3  2121.48 -9232.57  -217.80     1.65
3  2073.63 -9240.82  -217.80     1.65
3  2159.43 -9283.72  -214.50     1.65
3  2162.73 -9197.92  -221.10     1.65
3  2952.83 -9188.02  -214.50     1.65
3  2893.43 -9283.72  -214.50     1.65
3  2883.53 -9250.72  -221.10     1.65
3  3731.38 -9288.67  -217.80     1.65
3  3668.68 -9303.52  -221.10     1.65
3  4468.68 -9287.02  -214.50     1.65
3  8448.88 -9277.12  -217.80     1.65
3  8534.68 -9285.37  -217.80     1.65
3  9257.13 -9285.37  -214.50     1.65
3  9273.63 -9224.32  -214.50     1.65
3  9306.63 -9169.87  -217.80     1.65
3 10055.48 -9197.92  -221.10     1.65
3  6096.73 -10009.47  -217.80     1.65
3  6093.43 -10055.67  -221.10     1.65
3  6172.63 -10004.52  -221.10     1.65
3  5285.18 -10100.22  -221.10     1.65
3  5309.93 -10009.47  -214.50     1.65
3  4516.53 -10024.32  -211.20     1.65
3  4551.18 -10037.52  -217.80     1.65
3  3721.48 -10052.37  -211.20     1.65
3  3703.33 -10083.72  -211.20     1.65
3  2886.83 -10063.92  -214.50     1.65
3  4572.63 -10827.62  -214.50     1.65
3  4570.98 -10794.62  -221.10     1.65
3  9804.26 -1091.87  -211.20     1.65
3  5015.81 -1114.97  -211.20     1.65
3  5015.81 -1124.87  -211.20     1.65
3  4187.76 -1938.07  -217.80     1.65
3  4230.66 -1827.52  -211.20     1.65
3  4159.71 -1858.87  -211.20     1.65
3  4156.41 -1883.62  -211.20     1.65
3  9786.11 -1840.72  -214.50     1.65
3  4166.31 -2677.02  -214.50     1.65
3  4217.46 -2639.07  -221.10     1.65
3  4138.26 -3448.97  -217.80     1.65
3  4233.96 -3468.77  -221.10     1.65
3  9000.96 -3511.67  -214.50     1.65
3  8920.11 -4234.12  -214.50     1.65
3  4934.96 -4263.82  -217.80     1.65
3  4921.76 -4278.67  -214.50     1.65
3  4200.96 -4225.87  -211.20     1.65
3  4146.51 -4300.12  -217.80     1.65
3  4130.01 -4313.32  -214.50     1.65
3  7438.91 -5896.82  -214.50     1.65
3  6587.76 -5880.32  -214.50     1.65
3  6567.96 -5914.97  -217.80     1.65
3  5756.41 -5863.82  -211.20     1.65
3  5741.56 -5844.02  -211.20     1.65
3  5761.36 -5919.92  -211.20     1.65
3  5847.16 -5891.87  -221.10     1.65
3  5761.36 -5809.37  -221.10     1.65
3 12853.90 -6453.58  -267.30     1.65
3 12151.25 -7268.43  -260.70     1.65
3 11277.00 -8035.43  -264.00     1.65
3  9714.95 -8789.23  -270.60     1.65
3 10510.00 -8845.33  -260.70     1.65
3  9700.10 -9633.78  -264.00     1.65
3  1675.35 -9661.83  -264.00     1.65
3  1747.95 -9597.48  -264.00     1.65
3  1771.05 -10405.73  -260.70     1.65
3  5729.80 -10433.78  -264.00     1.65
3  5681.95 -10409.03  -260.70     1.65
3  5680.30 -10476.68  -267.30     1.65
3  8914.95 -10394.18  -264.00     1.65
3  8967.75 -10405.73  -264.00     1.65
3 10319.44 -1460.02  -260.70     1.65
3  4836.59 -1473.22  -267.30     1.65
3  3988.74 -1461.67  -267.30     1.65
3  3992.04 -1493.02  -267.30     1.65
3  3935.94 -1484.77  -260.70     1.65
3  3927.69 -2268.27  -270.60     1.65
3  4013.49 -2266.62  -270.60     1.65
3  4013.49 -2360.67  -270.60     1.65
3  9540.89 -2368.92  -267.30     1.65
3  4803.59 -3909.52  -270.60     1.65
3  4770.59 -3939.22  -267.30     1.65
3  4805.24 -3972.22  -260.70     1.65
3  4754.09 -4732.62  -267.30     1.65
3  4737.59 -4709.52  -264.00     1.65
3  5507.89 -5555.72  -267.30     1.65
3  5572.24 -5529.32  -260.70     1.65
3  6395.34 -5463.32  -267.30     1.65
3  7167.29 -5573.87  -264.00     1.65
3 11717.81 -6791.22  -320.10     1.65
3 11698.01 -7503.77  -320.10     1.65
3  2833.66 -9141.71  -313.50     1.65
3  2861.71 -9140.07  -313.50     1.65
3  9258.41 -9126.87  -310.20     1.65
3  9220.46 -9194.51  -316.80     1.65
3 10121.11 -9186.26  -316.80     1.65
3 10126.06 -9202.76  -316.80     1.65
3  9276.56 -9907.07  -313.50     1.65
3  8428.71 -9908.71  -310.20     1.65
3  5236.96 -9987.92  -316.80     1.65
3  5212.21 -9979.67  -320.10     1.65
3  5319.46 -10001.12  -320.10     1.65
3  2129.36 -9982.96  -316.80     1.65
3  5260.06 -10703.76  -316.80     1.65
3  3924.16  -848.21  -313.50     1.65
3 10277.96 -1635.01  -316.80     1.65
3  9453.21 -1654.81  -320.10     1.65
3  9542.30 -1608.61  -316.80     1.65
3  9515.90 -1615.21  -313.50     1.65
3  4608.66 -1592.11  -310.20     1.65
3  4682.91 -1644.91  -320.10     1.65
3  4677.96 -1597.06  -310.20     1.65
3  4674.66 -1687.81  -320.10     1.65
3  4732.41 -1598.71  -313.50     1.65
3  4720.85 -1573.96  -310.20     1.65
3  3856.51 -1593.76  -316.80     1.65
3  3800.41 -1666.36  -316.80     1.65
3  3899.41 -1616.86  -316.80     1.65
3  3887.86 -1649.86  -310.20     1.65
3  3876.31 -2410.26  -313.50     1.65
3  3864.76 -2378.91  -313.50     1.65
3  4694.46 -2456.46  -320.10     1.65
3  9436.71 -2388.81  -310.20     1.65
3  9512.60 -2395.41  -316.80     1.65
3  9463.10 -3284.51  -316.80     1.65
3  9413.60 -3248.21  -313.50     1.65
3  9524.15 -3282.86  -316.80     1.65
3  9509.30 -3235.01  -310.20     1.65
3  4656.51 -3215.21  -310.20     1.65
3  3873.01 -3231.71  -310.20     1.65
3  3912.61 -3302.66  -316.80     1.65
3  3886.21 -3297.71  -316.80     1.65
3  3853.21 -3251.51  -316.80     1.65
3  3815.26 -3261.41  -310.20     1.65
3  4692.81 -4016.86  -316.80     1.65
3  4651.56 -4087.81  -320.10     1.65
3  4689.50 -4053.16  -313.50     1.65
3  9416.90 -4026.76  -313.50     1.65
3  4631.76 -4783.86  -316.80     1.65
3  5484.56 -5658.11  -313.50     1.65
3  5461.46 -5621.81  -310.20     1.65
3  7063.10 -5696.06  -313.50     1.65
3  7040.01 -5671.31  -316.80     1.65
3  7043.31 -5620.16  -320.10     1.65
3 12821.04 -6641.68  -359.70     1.65
3 12806.19 -6661.48  -359.70     1.65
3 11197.94 -7542.33  -369.60     1.65
3 11273.84 -7433.43  -363.00     1.65
3 11197.94 -8259.83  -363.00     1.65
3 10371.54 -8213.63  -363.00     1.65
3  1629.29 -9114.28  -359.70     1.65
3  1563.29 -9043.33  -366.30     1.65
3  2401.24 -9107.68  -363.00     1.65
3  2379.79 -9008.68  -369.60     1.65
3  9594.64 -9104.38  -366.30     1.65
3  4860.64 -9910.98  -369.60     1.65
3  1670.54 -9815.28  -363.00     1.65
3  3974.84 -10743.98  -359.70     1.65
3  3911.82  -864.00  -369.60     1.65
3  4659.02  -883.80  -359.70     1.65
3  9513.47 -1662.35  -369.60     1.65
3  9485.42 -1660.70  -366.30     1.65
3  9515.12 -1703.60  -369.60     1.65
3  9569.57 -1599.65  -369.60     1.65
3  9595.97 -1609.55  -369.60     1.65
3  4695.32 -1655.75  -363.00     1.65
3  4688.72 -1682.15  -359.70     1.65
3  4723.37 -1612.85  -363.00     1.65
3  4683.77 -1622.75  -359.70     1.65
3  4729.97 -1576.55  -363.00     1.65
3  4759.67 -1589.75  -363.00     1.65
3  3911.82 -1701.95  -366.30     1.65
3  3895.32 -1655.75  -369.60     1.65
3  3923.37 -1607.90  -363.00     1.65
3  3901.92 -2475.55  -366.30     1.65
3  3974.52 -2439.25  -359.70     1.65
3  3961.32 -2371.60  -366.30     1.65
3  3865.62 -2389.75  -366.30     1.65
3  3934.92 -2478.85  -369.60     1.65
3  3918.42 -2497.00  -369.60     1.65
3  4777.82 -2447.50  -359.70     1.65
3  9551.42 -2495.35  -369.60     1.65
3  9493.67 -2490.40  -369.60     1.65
3  9472.22 -2381.50  -369.60     1.65
3  9488.72 -3290.40  -369.60     1.65
3  9482.12 -3222.75  -366.30     1.65
3  4720.07 -3202.95  -363.00     1.65
3  4721.72 -3183.15  -366.30     1.65
3  3944.82 -3189.75  -363.00     1.65
3  3896.97 -3250.80  -363.00     1.65
3  3870.57 -3293.70  -363.00     1.65
3  3880.47 -3227.70  -359.70     1.65
3  3977.82 -4002.95  -369.60     1.65
3  4718.42 -4012.85  -363.00     1.65
3  8739.88 -4039.25  -359.70     1.65
3  4692.02 -4864.00  -359.70     1.65
3  4762.97 -4831.00  -366.30     1.65
3  4675.52 -4809.55  -363.00     1.65
3  4769.57 -4783.15  -359.70     1.65
3  4779.47 -4845.85  -363.00     1.65
3  5556.37 -5654.10  -359.70     1.65
3  5493.67 -5664.00  -363.00     1.65
3  5553.07 -5621.10  -369.60     1.65
3  6358.02 -5695.35  -363.00     1.65
3  6311.82 -5667.30  -363.00     1.65
3  6315.12 -5693.70  -359.70     1.65
3  6348.12 -5599.65  -369.60     1.65
3  7156.37 -5624.40  -363.00     1.65
3  7136.57 -5578.20  -363.00     1.65
3  7174.52 -5670.60  -359.70     1.65
3 12414.95 -5516.77  -409.20     1.65
3 12393.50 -5533.27  -415.80     1.65
3 12373.70 -7090.37  -419.10     1.65
3 12428.15 -7161.32  -419.10     1.65
3 12400.10 -7184.42  -419.10     1.65
3 11656.20 -7129.97  -409.20     1.65
3 11525.85 -7903.57  -415.80     1.65
3 10805.05 -8741.52  -419.10     1.65
3  2813.30 -8800.92  -409.20     1.65
3  1944.00 -8787.72  -412.50     1.65
3  2038.05 -8675.52  -409.20     1.65
3  2008.35 -8792.67  -419.10     1.65
3  1960.50 -8743.17  -419.10     1.65
3  1929.15 -8728.32  -412.50     1.65
3  1915.95 -9546.47  -409.20     1.65
3  2752.25 -9492.02  -409.20     1.65
3  4391.85 -9543.17  -415.80     1.65
3  4375.35 -9529.97  -415.80     1.65
3  8414.95 -10300.27  -409.20     1.65
3  8332.45 -10331.62  -412.50     1.65
3  5978.65 -10376.17  -415.80     1.65
3  5247.95 -10351.42  -409.20     1.65
3  4340.70 -10338.22  -419.10     1.65
3  4332.45 -10280.47  -415.80     1.65
3  2000.10 -10306.87  -415.80     1.65
3  2052.90 -10353.07  -412.50     1.65
3  3588.55 -11161.32  -412.50     1.65
3 10319.79 -1307.02  -412.50     1.65
3 10266.99 -1406.02  -415.80     1.65
3  9450.49 -1340.02  -409.20     1.65
3  9539.59 -1429.12  -412.50     1.65
3  9499.99 -1313.62  -419.10     1.65
3  3878.54 -1335.07  -415.80     1.65
3  3906.59 -1397.77  -412.50     1.65
3  3895.04 -2214.27  -412.50     1.65
3  3817.49 -2224.17  -415.80     1.65
3  3924.74 -2153.22  -419.10     1.65
3  3873.59 -2179.62  -419.10     1.65
3  4693.39 -2138.37  -419.10     1.65
3  4713.19 -2115.27  -419.10     1.65
3  4665.34 -2222.52  -415.80     1.65
3  4610.89 -2214.27  -415.80     1.65
3  9508.24 -2227.47  -409.20     1.65
3  9476.89 -2938.37  -409.20     1.65
3  9499.99 -3020.87  -415.80     1.65
3  9458.74 -2964.77  -419.10     1.65
3  9537.94 -2976.32  -419.10     1.65
3  4604.29 -2986.22  -412.50     1.65
3  4624.09 -2920.22  -412.50     1.65
3  4615.84 -2941.67  -409.20     1.65
3  4640.59 -3020.87  -415.80     1.65
3  3883.49 -2948.27  -412.50     1.65
3  3904.94 -2918.57  -412.50     1.65
3  3842.24 -2961.47  -409.20     1.65
3  3871.94 -3789.52  -415.80     1.65
3  4655.44 -3718.57  -409.20     1.65
3  4742.89 -3806.02  -419.10     1.65
3  4663.69 -4571.37  -409.20     1.65
3  4704.94 -4558.17  -409.20     1.65
3  4739.59 -4587.87  -409.20     1.65
3  6253.79 -5364.77  -415.80     1.65
3  6278.54 -5318.57  -412.50     1.65
3  6309.89 -5424.17  -415.80     1.65
3  6205.94 -5326.82  -419.10     1.65
3  7825.74 -5359.82  -419.10     1.65
3  7022.44 -6169.72  -419.10     1.65
3  6318.14 -6126.82  -412.50     1.65
3 12403.68 -6031.87  -465.30     1.65
3 12406.98 -6818.67  -468.60     1.65
3 11539.33 -7631.87  -465.30     1.65
3 10806.98 -8336.17  -465.30     1.65
3  1906.33 -8331.22  -462.00     1.65
3  1978.93 -9180.72  -468.60     1.65
3  1960.78 -9212.07  -468.60     1.65
3  6810.28 -9951.02  -465.30     1.65
3  4299.73 -10038.47  -458.70     1.65
3  2005.33 -9998.87  -462.00     1.65
3  1906.33 -9927.92  -462.00     1.65
3  2773.98 -10850.02  -465.30     1.65
3  4370.68 -10732.87  -462.00     1.65
3  5114.58 -10734.52  -465.30     1.65
3  9133.28 -1551.89  -465.30     1.65
3  9014.48 -2262.79  -462.00     1.65
3  4260.68 -3971.69  -458.70     1.65
3  9106.88 -3885.89  -458.70     1.65
3  5113.48 -4732.09  -462.00     1.65
3  5115.13 -4684.24  -458.70     1.65
3  5096.98 -4755.19  -462.00     1.65
3  5120.08 -5565.09  -462.00     1.65
3  5062.33 -5484.24  -465.30     1.65
3  5814.48 -5502.39  -458.70     1.65
3  5900.28 -5467.74  -468.60     1.65
3  7454.08 -5553.54  -468.60     1.65
3  7495.33 -5500.74  -468.60     1.65
3  7508.53 -5497.44  -458.70     1.65
3 11432.29 -7605.48  -514.80     1.65
3 11399.29 -7600.53  -514.80     1.65
3 11410.84 -8393.93  -518.10     1.65
3  2627.34 -9230.23  -518.10     1.65
3  3447.14 -9175.78  -514.80     1.65
3  8252.09 -9972.48  -508.20     1.65
3  3466.94 -10005.48  -514.80     1.65
3  9907.93 -1032.94  -508.20     1.65
3  9901.33 -1821.39  -511.50     1.65
3  9902.98 -1852.74  -511.50     1.65
3  9932.68 -1827.99  -514.80     1.65
3  4401.99 -2646.14  -514.80     1.65
3  4314.54 -3413.14  -518.10     1.65
3  9182.19 -3492.34  -511.50     1.65
3  9164.04 -3411.49  -508.20     1.65
3  4337.64 -4251.09  -511.50     1.65
3  4370.64 -4282.44  -514.80     1.65
3  4365.69 -5080.79  -518.10     1.65
3  4418.49 -5016.44  -514.80     1.65
3  5160.74 -5021.39  -518.10     1.65
3  5180.54 -5013.14  -518.10     1.65
3  8360.74 -4990.04  -511.50     1.65
3  8398.69 -4978.49  -508.20     1.65
3  7577.24 -5806.54  -514.80     1.65
3  6773.94 -5823.04  -511.50     1.65
3 12299.66 -5615.18  -564.30     1.65
3 12302.96 -5669.63  -561.00     1.65
3  2717.81 -9572.28  -567.60     1.65
3  2635.31 -11155.78  -561.00     1.65
3  2613.86 -11203.63  -561.00     1.65
3  5273.85 -1094.22  -561.00     1.65
3  5285.40 -1079.37  -564.30     1.65
3  4511.80 -1064.52  -561.00     1.65
3  4546.45 -1097.52  -561.00     1.65
3  4465.60 -1094.22  -561.00     1.65
3  4490.35 -1089.27  -561.00     1.65
3  7721.70 -5874.42  -557.70     1.65
